10
3
100
1
674
400
9
6
1
normal
0
0
3
100
1
874
300
9
6
1
normal
0
0
3
100
1
474
200
9
6
1
normal
0
0
3
100
0
198
500
9
7
1
normal
0
0
3
100
1
474
400
9
6
1
normal
0
0
3
100
1
774
300
9
6
1
normal
0
0
0
100
0
1218
600
9
5
1
normal
0
0
3
100
1
274
400
9
6
1
normal
0
0
0
100
0
800
600
9
3
1
normal
0
0
3
100
1
676
400
9
5
1
normal
0
0
10
25
1
0
1
200
513
25
0
0
1
0
0
25
1
0
1
600
363
25
1
0
1
600
513
25
0
0
1
0
0
25
0
0
1
0
0
25
1
0
1
250
863
25
1
0
1
200
262
25
0
0
1
0
0
25
1
0
1
1150
712
5
100
200
1
0
100
300
1
0
100
400
1
0
1045
500
1
1
100
600
1
0
1
50
3
1
PeeShooter
Shooter
300
600
2
0
0
0
0
1
100
50
2
1
5
1
0
940
630
1
5
1
0
455
630
